Entry,Position,AminoAcid,Exposed/Buried,RelativeSurfaceAccessilibity,HelixProbability,SheetProbability,CoilProbability,EpitopeProbability
AAA45665.1,1,I,E,0.632,0.018,0.047,0.935,0.264111111111
AAA45665.1,2,Y,B,0.285,0.022,0.359,0.619,0.331666666667
AAA45665.1,3,Q,E,0.412,0.022,0.359,0.619,0.395888888889
AAA45665.1,4,A,B,0.273,0.066,0.296,0.638,0.459666666667
AAA45665.1,5,C,B,0.216,0.018,0.088,0.893,0.527777777778
AAA45665.1,6,S,E,0.565,0.005,0.015,0.979,0.557888888889
AAA45665.1,7,L,B,0.278,0.016,0.005,0.979,0.556888888889
AAA45665.1,8,P,E,0.558,0.109,0.005,0.886,0.548
AAA45665.1,9,Q,E,0.483,0.782,0.003,0.216,0.547777777778
AAA45665.1,10,E,E,0.559,0.782,0.003,0.216,0.539777777778
AAA45665.1,11,A,B,0.073,0.802,0.014,0.185,0.503666666667
AAA45665.1,12,R,B,0.224,0.802,0.014,0.185,0.495444444444
AAA45665.1,13,T,E,0.464,0.802,0.014,0.185,0.482333333333
AAA45665.1,14,A,B,0.112,0.802,0.014,0.185,0.462888888889
AAA45665.1,15,I,B,0.031,0.751,0.050,0.199,0.443666666667
AAA45665.1,16,H,E,0.279,0.717,0.014,0.269,0.459333333333
AAA45665.1,17,S,B,0.221,0.660,0.049,0.291,0.461111111111
AAA45665.1,18,L,B,0.118,0.660,0.049,0.291,0.448222222222
AAA45665.1,19,T,B,0.149,0.561,0.047,0.393,0.453333333333
AAA45665.1,20,E,E,0.395,0.502,0.102,0.396,0.468
AAA45665.1,21,R,B,0.249,0.538,0.173,0.289,0.466555555556
AAA45665.1,22,L,B,0.084,0.453,0.248,0.299,0.464888888889
AAA45665.1,23,Y,B,0.17,0.231,0.330,0.439,0.467222222222
AAA45665.1,24,V,B,0.109,0.135,0.317,0.548,0.471333333333
AAA45665.1,25,G,B,0.228,0.064,0.216,0.721,0.465222222222
AAA45665.1,26,G,B,0.091,0.020,0.205,0.775,0.463333333333
AAA45665.1,27,P,B,0.129,0.021,0.279,0.699,0.478666666667
AAA45665.1,28,M,B,0.095,0.021,0.451,0.528,0.500111111111
AAA45665.1,29,T,B,0.239,0.021,0.451,0.528,0.522888888889
AAA45665.1,30,N,B,0.163,0.020,0.205,0.775,0.548333333333
AAA45665.1,31,S,E,0.438,0.018,0.088,0.893,0.569222222222
AAA45665.1,32,K,E,0.563,0.018,0.047,0.935,0.578333333333
AAA45665.1,33,G,E,0.372,0.018,0.047,0.935,0.591444444444
AAA45665.1,34,Q,E,0.368,0.020,0.205,0.775,0.584666666667
AAA45665.1,35,S,E,0.386,0.022,0.359,0.619,0.597666666667
AAA45665.1,36,C,B,0.099,0.021,0.451,0.528,0.603555555556
AAA45665.1,37,G,E,0.32,0.021,0.451,0.528,0.58
AAA45665.1,38,Y,B,0.284,0.021,0.279,0.699,0.579111111111
AAA45665.1,39,R,E,0.455,0.020,0.205,0.775,0.549333333333
AAA45665.1,40,R,E,0.423,0.021,0.279,0.699,0.540777777778
AAA45665.1,41,C,B,0.052,0.022,0.359,0.619,0.533777777778
AAA45665.1,42,R,E,0.298,0.022,0.359,0.619,0.527222222222
AAA45665.1,43,A,B,0.274,0.021,0.279,0.699,0.527888888889
AAA45665.1,44,S,E,0.315,0.020,0.205,0.775,0.517444444444
AAA45665.1,45,G,B,0.28,0.021,0.279,0.699,0.512444444444
AAA45665.1,46,V,B,0.174,0.022,0.359,0.619,0.517888888889
AAA45665.1,47,F,B,0.121,0.022,0.552,0.426,0.507444444444
AAA45665.1,48,T,B,0.186,0.021,0.451,0.528,0.512777777778
AAA45665.1,49,T,B,0.163,0.021,0.279,0.699,0.503666666667
AAA45665.1,50,S,B,0.205,0.064,0.216,0.721,0.502666666667
AAA45665.1,51,M,B,0.165,0.052,0.084,0.864,0.49
AAA45665.1,52,G,B,0.183,0.053,0.043,0.903,0.482111111111
AAA45665.1,53,N,B,0.143,0.113,0.087,0.800,0.458888888889
AAA45665.1,54,T,B,0.085,0.231,0.330,0.439,0.444222222222
AAA45665.1,55,M,B,0.047,0.391,0.466,0.143,0.422444444444
AAA45665.1,56,T,B,0.091,0.504,0.430,0.065,0.417111111111
AAA45665.1,57,C,B,0.018,0.594,0.285,0.121,0.399777777778
AAA45665.1,58,Y,B,0.069,0.746,0.197,0.057,0.396
AAA45665.1,59,I,B,0.055,0.807,0.137,0.056,0.389444444444
AAA45665.1,60,K,B,0.161,0.807,0.137,0.056,0.387111111111
AAA45665.1,61,A,B,0.026,0.911,0.033,0.057,0.371333333333
AAA45665.1,62,L,B,0.217,0.879,0.010,0.111,0.391666666667
AAA45665.1,63,A,B,0.128,0.879,0.010,0.111,0.403666666667
AAA45665.1,64,A,B,0.082,0.879,0.010,0.111,0.429777777778
AAA45665.1,65,C,B,0.084,0.879,0.010,0.111,0.434
AAA45665.1,66,K,E,0.512,0.802,0.014,0.185,0.448888888889
AAA45665.1,67,A,E,0.429,0.717,0.014,0.269,0.453555555556
AAA45665.1,68,A,E,0.286,0.430,0.016,0.555,0.468444444444
AAA45665.1,69,G,E,0.572,0.246,0.004,0.750,0.480333333333
AAA45665.1,70,I,B,0.191,0.181,0.016,0.803,0.497111111111
AAA45665.1,71,V,E,0.565,0.115,0.016,0.868,0.441111111111
AAA45665.1,72,D,E,0.492,0.058,0.017,0.925,0.384888888889
AAA45665.1,73,P,E,0.514,0.016,0.005,0.979,0.321
AAA45665.1,74,V,E,0.852,0.003,0.003,0.994,0.264555555556
BAA01497.1,1,S,E,0.877,0.003,0.003,0.994,0.255666666667
BAA01497.1,2,T,E,0.674,0.018,0.047,0.935,0.325666666667
BAA01497.1,3,V,B,0.247,0.053,0.043,0.903,0.394222222222
BAA01497.1,4,T,E,0.512,0.115,0.016,0.868,0.452222222222
BAA01497.1,5,E,E,0.514,0.455,0.046,0.498,0.520444444444
BAA01497.1,6,R,E,0.594,0.455,0.046,0.498,0.529
BAA01497.1,7,D,E,0.292,0.502,0.102,0.396,0.535222222222
BAA01497.1,8,I,B,0.157,0.605,0.105,0.290,0.549444444444
BAA01497.1,9,R,E,0.42,0.605,0.105,0.290,0.547888888889
BAA01497.1,10,T,B,0.241,0.701,0.107,0.192,0.528444444444
BAA01497.1,11,E,B,0.184,0.831,0.044,0.125,0.517222222222
BAA01497.1,12,E,E,0.427,0.879,0.010,0.111,0.511222222222
BAA01497.1,13,S,E,0.404,0.879,0.010,0.111,0.503666666667
BAA01497.1,14,I,B,0.054,0.938,0.007,0.055,0.486222222222
BAA01497.1,15,Y,B,0.187,0.879,0.010,0.111,0.492888888889
BAA01497.1,16,Q,E,0.383,0.802,0.014,0.185,0.495777777778
BAA01497.1,17,A,B,0.126,0.622,0.015,0.363,0.498222222222
BAA01497.1,18,C,B,0.106,0.181,0.016,0.803,0.511111111111
BAA01497.1,19,S,E,0.586,0.018,0.019,0.964,0.535333333333
BAA01497.1,20,L,B,0.247,0.016,0.005,0.979,0.529333333333
BAA01497.1,21,P,E,0.538,0.176,0.004,0.820,0.535888888889
BAA01497.1,22,E,E,0.625,0.923,0.002,0.076,0.538888888889
BAA01497.1,23,E,E,0.419,0.923,0.002,0.076,0.531111111111
BAA01497.1,24,A,B,0.04,0.923,0.002,0.076,0.497555555556
BAA01497.1,25,R,E,0.279,0.938,0.007,0.055,0.502888888889
BAA01497.1,26,T,E,0.419,0.879,0.010,0.111,0.489666666667
BAA01497.1,27,V,B,0.096,0.802,0.014,0.185,0.489666666667
BAA01497.1,28,I,B,0.067,0.717,0.014,0.269,0.482222222222
BAA01497.1,29,H,E,0.413,0.622,0.015,0.363,0.494444444444
BAA01497.1,30,S,E,0.36,0.622,0.015,0.363,0.489444444444
BAA01497.1,31,L,B,0.227,0.522,0.016,0.462,0.486888888889
BAA01497.1,32,T,B,0.282,0.561,0.047,0.393,0.503555555556
BAA01497.1,33,E,E,0.449,0.386,0.097,0.517,0.525333333333
BAA01497.1,34,R,E,0.362,0.321,0.252,0.427,0.512444444444
BAA01497.1,35,L,B,0.114,0.252,0.423,0.325,0.513777777778
BAA01497.1,36,Y,B,0.185,0.159,0.516,0.325,0.502555555556
BAA01497.1,37,V,B,0.113,0.069,0.386,0.545,0.496777777778
BAA01497.1,38,G,B,0.27,0.066,0.296,0.638,0.491111111111
BAA01497.1,39,G,B,0.105,0.021,0.279,0.699,0.486333333333
BAA01497.1,40,P,B,0.156,0.021,0.279,0.699,0.499666666667
BAA01497.1,41,M,B,0.119,0.021,0.451,0.528,0.519111111111
BAA01497.1,42,T,B,0.247,0.021,0.451,0.528,0.541333333333
BAA01497.1,43,N,B,0.156,0.020,0.205,0.775,0.568222222222
BAA01497.1,44,S,E,0.449,0.052,0.084,0.864,0.587666666667
BAA01497.1,45,K,E,0.569,0.053,0.043,0.903,0.595888888889
BAA01497.1,46,G,E,0.377,0.018,0.088,0.893,0.606666666667
BAA01497.1,47,Q,E,0.373,0.020,0.205,0.775,0.602111111111
BAA01497.1,48,S,E,0.396,0.022,0.359,0.619,0.613
BAA01497.1,49,C,B,0.1,0.021,0.451,0.528,0.615222222222
BAA01497.1,50,G,E,0.328,0.022,0.359,0.619,0.591555555556
BAA01497.1,51,Y,B,0.307,0.021,0.279,0.699,0.589111111111
BAA01497.1,52,R,E,0.432,0.020,0.205,0.775,0.558777777778
BAA01497.1,53,R,E,0.414,0.021,0.279,0.699,0.553333333333
BAA01497.1,54,C,B,0.052,0.021,0.279,0.699,0.554444444444
BAA01497.1,55,R,E,0.298,0.021,0.279,0.699,0.551333333333
BAA01497.1,56,A,B,0.259,0.021,0.279,0.699,0.553333333333
BAA01497.1,57,S,E,0.338,0.021,0.279,0.699,0.545555555556
BAA01497.1,58,G,E,0.293,0.021,0.279,0.699,0.543777777778
BAA01497.1,59,V,B,0.172,0.022,0.359,0.619,0.549444444444
BAA01497.1,60,F,B,0.151,0.021,0.451,0.528,0.545444444444
BAA01497.1,61,T,B,0.227,0.069,0.386,0.545,0.554222222222
BAA01497.1,62,T,B,0.219,0.064,0.216,0.721,0.549222222222
BAA01497.1,63,S,B,0.268,0.118,0.150,0.732,0.541222222222
BAA01497.1,64,M,B,0.199,0.113,0.087,0.800,0.517555555556
BAA01497.1,65,G,E,0.305,0.113,0.043,0.844,0.510333333333
BAA01497.1,66,N,B,0.233,0.191,0.086,0.723,0.480888888889
BAA01497.1,67,T,B,0.136,0.352,0.332,0.316,0.451555555556
BAA01497.1,68,M,B,0.074,0.391,0.466,0.143,0.427888888889
BAA01497.1,69,T,B,0.149,0.487,0.370,0.144,0.417111111111
BAA01497.1,70,C,B,0.021,0.594,0.285,0.121,0.391555555556
BAA01497.1,71,Y,B,0.07,0.662,0.225,0.113,0.378
BAA01497.1,72,I,B,0.086,0.746,0.197,0.057,0.377444444444
BAA01497.1,73,K,E,0.262,0.725,0.163,0.112,0.385111111111
BAA01497.1,74,A,B,0.038,0.701,0.107,0.192,0.370888888889
BAA01497.1,75,L,B,0.273,0.660,0.049,0.291,0.408333333333
BAA01497.1,76,A,E,0.355,0.660,0.049,0.291,0.426333333333
BAA01497.1,77,A,B,0.21,0.660,0.049,0.291,0.456888888889
BAA01497.1,78,C,B,0.111,0.561,0.047,0.393,0.466555555556
BAA01497.1,79,K,E,0.495,0.455,0.046,0.498,0.484555555556
BAA01497.1,80,A,E,0.506,0.354,0.048,0.598,0.498777777778
BAA01497.1,81,A,E,0.415,0.268,0.043,0.689,0.507111111111
BAA01497.1,82,G,E,0.447,0.113,0.043,0.844,0.517777777778
BAA01497.1,83,I,B,0.082,0.113,0.043,0.844,0.534555555556
BAA01497.1,84,V,E,0.443,0.052,0.084,0.864,0.498222222222
BAA01497.1,85,D,E,0.413,0.018,0.088,0.893,0.481666666667
BAA01497.1,86,P,B,0.081,0.018,0.088,0.893,0.450666666667
BAA01497.1,87,I,B,0.187,0.022,0.359,0.619,0.422777777778
BAA01497.1,88,M,B,0.037,0.021,0.756,0.223,0.418777777778
BAA01497.1,89,L,B,0.035,0.018,0.846,0.136,0.410444444444
BAA01497.1,90,V,B,0.026,0.018,0.846,0.136,0.408
BAA01497.1,91,C,B,0.038,0.022,0.552,0.426,0.394111111111
BAA01497.1,92,G,B,0.097,0.004,0.138,0.858,0.373333333333
BAA01497.1,93,D,B,0.258,0.005,0.045,0.951,0.375444444444
BAA01497.1,94,D,B,0.219,0.004,0.197,0.799,0.372111111111
BAA01497.1,95,L,B,0.029,0.002,0.816,0.182,0.366777777778
BAA01497.1,96,V,B,0.052,0.001,0.959,0.040,0.392888888889
BAA01497.1,97,V,B,0.035,0.001,0.959,0.040,0.412111111111
BAA01497.1,98,I,B,0.029,0.001,0.900,0.099,0.435
BAA01497.1,99,S,B,0.072,0.004,0.616,0.381,0.451666666667
BAA01497.1,100,E,E,0.416,0.004,0.197,0.799,0.481111111111
BAA01497.1,101,S,E,0.577,0.018,0.047,0.935,0.514777777778
BAA01497.1,102,E,E,0.617,0.018,0.019,0.964,0.548111111111
BAA01497.1,103,G,E,0.451,0.018,0.019,0.964,0.582777777778
BAA01497.1,104,N,E,0.333,0.115,0.016,0.868,0.621222222222
BAA01497.1,105,E,E,0.61,0.321,0.003,0.675,0.624777777778
BAA01497.1,106,E,E,0.607,0.858,0.002,0.139,0.624333333333
BAA01497.1,107,D,E,0.297,0.782,0.003,0.216,0.606111111111
BAA01497.1,108,E,E,0.531,0.782,0.003,0.216,0.595555555556
BAA01497.1,109,R,E,0.573,0.782,0.003,0.216,0.585777777778
BAA01497.1,110,N,E,0.498,0.600,0.003,0.397,0.520777777778
BAA01497.1,111,L,E,0.438,0.406,0.004,0.590,0.451222222222
BAA01497.1,112,R,E,0.58,0.257,0.016,0.727,0.383111111111
BAA01497.1,113,A,E,0.882,0.003,0.003,0.994,0.313
AAA45546.1,1,L,E,0.644,0.005,0.015,0.979,0.299333333333
AAA45546.1,2,E,E,0.657,0.004,0.514,0.481,0.346888888889
AAA45546.1,3,W,E,0.347,0.003,0.718,0.279,0.397
AAA45546.1,4,R,E,0.45,0.003,0.718,0.279,0.455444444444
AAA45546.1,5,N,E,0.495,0.004,0.616,0.381,0.505444444444
AAA45546.1,6,V,B,0.21,0.004,0.514,0.481,0.486555555556
AAA45546.1,7,S,E,0.444,0.005,0.262,0.733,0.478555555556
AAA45546.1,8,G,B,0.202,0.005,0.336,0.660,0.454666666667
AAA45546.1,9,L,B,0.19,0.002,0.816,0.182,0.446777777778
AAA45546.1,10,Y,B,0.1,0.001,0.959,0.040,0.442444444444
AAA45546.1,11,V,B,0.174,0.006,0.962,0.032,0.447333333333
AAA45546.1,12,L,B,0.041,0.011,0.918,0.071,0.449222222222
AAA45546.1,13,T,B,0.103,0.021,0.756,0.223,0.462666666667
AAA45546.1,14,N,B,0.193,0.005,0.336,0.660,0.470888888889
AAA45546.1,15,D,B,0.198,0.004,0.085,0.910,0.476444444444
AAA45546.1,16,C,B,0.053,0.005,0.015,0.979,0.479111111111
AAA45546.1,17,P,E,0.373,0.005,0.015,0.979,0.496888888889
AAA45546.1,18,N,E,0.467,0.018,0.019,0.964,0.505111111111
AAA45546.1,19,S,B,0.266,0.053,0.043,0.903,0.502
AAA45546.1,20,S,B,0.295,0.064,0.216,0.721,0.513888888889
AAA45546.1,21,I,B,0.116,0.087,0.683,0.230,0.513
AAA45546.1,22,V,B,0.191,0.072,0.855,0.073,0.501222222222
AAA45546.1,23,Y,B,0.171,0.018,0.846,0.136,0.500333333333
AAA45546.1,24,E,B,0.255,0.085,0.775,0.140,0.505111111111
AAA45546.1,25,A,B,0.221,0.069,0.386,0.545,0.496444444444
AAA45546.1,26,D,E,0.386,0.191,0.086,0.723,0.492555555556
AAA45546.1,27,D,E,0.425,0.268,0.043,0.689,0.492
AAA45546.1,28,V,B,0.198,0.386,0.097,0.517,0.487555555556
AAA45546.1,29,I,B,0.057,0.538,0.173,0.289,0.474555555556
AAA45546.1,30,L,B,0.081,0.428,0.171,0.402,0.473444444444
AAA45546.1,31,H,B,0.257,0.307,0.165,0.527,0.461777777778
AAA45546.1,32,T,B,0.173,0.058,0.017,0.925,0.453777777778
AAA45546.1,33,P,B,0.211,0.005,0.015,0.979,0.442777777778
AAA45546.1,34,G,B,0.264,0.005,0.015,0.979,0.430888888889
AAA45546.1,35,C,B,0.032,0.004,0.085,0.910,0.428777777778
AAA45546.1,36,V,B,0.152,0.022,0.359,0.619,0.425222222222
AAA45546.1,37,P,B,0.116,0.022,0.552,0.426,0.438777777778
AAA45546.1,38,C,B,0.066,0.023,0.655,0.322,0.449555555556
AAA45546.1,39,V,B,0.2,0.021,0.756,0.223,0.462666666667
AAA45546.1,40,Q,E,0.475,0.023,0.655,0.322,0.473555555556
AAA45546.1,41,D,E,0.456,0.005,0.262,0.733,0.479333333333
AAA45546.1,42,G,E,0.783,0.005,0.015,0.979,0.478777777778
AAA45546.1,43,N,E,0.571,0.005,0.015,0.979,0.482444444444
AAA45546.1,44,T,E,0.464,0.005,0.262,0.733,0.475777777778
AAA45546.1,45,S,B,0.245,0.004,0.420,0.576,0.460888888889
AAA45546.1,46,T,E,0.285,0.004,0.616,0.381,0.445444444444
AAA45546.1,47,C,B,0.033,0.003,0.718,0.279,0.426444444444
AAA45546.1,48,W,B,0.069,0.018,0.846,0.136,0.417777777778
AAA45546.1,49,T,B,0.108,0.018,0.846,0.136,0.406888888889
AAA45546.1,50,S,B,0.158,0.021,0.756,0.223,0.399555555556
AAA45546.1,51,V,B,0.076,0.021,0.451,0.528,0.400666666667
AAA45546.1,52,T,B,0.186,0.019,0.141,0.840,0.410555555556
AAA45546.1,53,P,B,0.153,0.052,0.084,0.864,0.423222222222
AAA45546.1,54,T,B,0.219,0.066,0.296,0.638,0.456888888889
AAA45546.1,55,V,B,0.091,0.021,0.451,0.528,0.480555555556
AAA45546.1,56,A,B,0.115,0.021,0.451,0.528,0.506333333333
AAA45546.1,57,V,B,0.079,0.066,0.296,0.638,0.518777777778
AAA45546.1,58,R,E,0.431,0.052,0.084,0.864,0.530555555556
AAA45546.1,59,Y,E,0.344,0.053,0.043,0.903,0.537666666667
AAA45546.1,60,V,E,0.326,0.053,0.043,0.903,0.543222222222
AAA45546.1,61,G,E,0.354,0.018,0.047,0.935,0.553111111111
AAA45546.1,62,A,B,0.159,0.053,0.043,0.903,0.563333333333
AAA45546.1,63,T,B,0.187,0.113,0.043,0.844,0.521111111111
AAA45546.1,64,T,B,0.213,0.339,0.016,0.645,0.508666666667
AAA45546.1,65,A,E,0.434,0.694,0.003,0.303,0.487666666667
AAA45546.1,66,S,E,0.301,0.782,0.003,0.216,0.463222222222
AAA45546.1,67,I,B,0.038,0.858,0.002,0.139,0.436666666667
AAA45546.1,68,R,E,0.249,0.858,0.002,0.139,0.428666666667
AAA45546.1,69,S,E,0.38,0.879,0.010,0.111,0.407
AAA45546.1,70,H,B,0.094,0.879,0.010,0.111,0.373777777778
AAA45546.1,71,V,B,0.036,0.879,0.010,0.111,0.339
AAA45546.1,72,D,B,0.2,0.802,0.014,0.185,0.335111111111
AAA45546.1,73,L,B,0.087,0.751,0.050,0.199,0.301111111111
AAA45546.1,74,L,B,0.05,0.779,0.100,0.120,0.284555555556
AAA45546.1,75,V,B,0.058,0.701,0.107,0.192,0.280666666667
AAA45546.1,76,G,B,0.085,0.660,0.049,0.291,0.284
AAA45546.1,77,A,B,0.069,0.751,0.050,0.199,0.264444444444
AAA45546.1,78,A,B,0.075,0.717,0.014,0.269,0.266
AAA45546.1,79,T,B,0.141,0.751,0.050,0.199,0.272444444444
AAA45546.1,80,M,B,0.104,0.751,0.050,0.199,0.276222222222
AAA45546.1,81,C,B,0.023,0.660,0.049,0.291,0.291666666667
AAA45546.1,82,S,B,0.108,0.561,0.047,0.393,0.300444444444
AAA45546.1,83,A,B,0.065,0.605,0.105,0.290,0.307666666667
AAA45546.1,84,L,B,0.085,0.538,0.173,0.289,0.312222222222
AAA45546.1,85,Y,B,0.131,0.649,0.163,0.188,0.304111111111
AAA45546.1,86,V,B,0.051,0.605,0.105,0.290,0.311555555556
AAA45546.1,87,G,B,0.089,0.561,0.047,0.393,0.320444444444
AAA45546.1,88,D,E,0.3,0.561,0.047,0.393,0.324222222222
AAA45546.1,89,M,B,0.055,0.660,0.049,0.291,0.323111111111
AAA45546.1,90,C,B,0.034,0.561,0.047,0.393,0.319111111111
AAA45546.1,91,G,B,0.107,0.561,0.047,0.393,0.321222222222
AAA45546.1,92,A,B,0.048,0.605,0.105,0.290,0.316777777778
AAA45546.1,93,V,B,0.033,0.578,0.229,0.194,0.312444444444
AAA45546.1,94,F,B,0.044,0.391,0.466,0.143,0.333333333333
AAA45546.1,95,L,B,0.037,0.273,0.587,0.140,0.335777777778
AAA45546.1,96,V,B,0.036,0.268,0.505,0.227,0.340111111111
AAA45546.1,97,G,B,0.054,0.231,0.330,0.439,0.342333333333
AAA45546.1,98,Q,B,0.129,0.135,0.317,0.548,0.357
AAA45546.1,99,A,B,0.053,0.159,0.516,0.325,0.375333333333
AAA45546.1,100,F,B,0.052,0.079,0.592,0.329,0.404888888889
AAA45546.1,101,T,B,0.088,0.085,0.775,0.140,0.443444444444
AAA45546.1,102,F,B,0.088,0.021,0.756,0.223,0.467777777778
AAA45546.1,103,R,B,0.198,0.022,0.552,0.426,0.476111111111
AAA45546.1,104,P,B,0.286,0.021,0.279,0.699,0.493888888889
AAA45546.1,105,R,E,0.45,0.021,0.279,0.699,0.503555555556
AAA45546.1,106,R,E,0.288,0.022,0.359,0.619,0.522666666667
AAA45546.1,107,H,B,0.199,0.022,0.359,0.619,0.530111111111
AAA45546.1,108,Q,B,0.271,0.022,0.552,0.426,0.522111111111
AAA45546.1,109,T,B,0.189,0.021,0.756,0.223,0.498333333333
AAA45546.1,110,V,B,0.217,0.021,0.756,0.223,0.472777777778
AAA45546.1,111,Q,E,0.308,0.021,0.756,0.223,0.441111111111
AAA45546.1,112,T,E,0.495,0.004,0.514,0.481,0.431
AAA45546.1,113,C,B,0.069,0.004,0.420,0.576,0.418222222222
AAA45546.1,114,N,E,0.354,0.004,0.514,0.481,0.421222222222
AAA45546.1,115,C,B,0.037,0.003,0.718,0.279,0.428111111111
AAA45546.1,116,S,B,0.243,0.002,0.816,0.182,0.434222222222
AAA45546.1,117,L,B,0.119,0.018,0.846,0.136,0.446111111111
AAA45546.1,118,Y,B,0.202,0.023,0.655,0.322,0.461777777778
AAA45546.1,119,P,E,0.338,0.021,0.279,0.699,0.475444444444
AAA45546.1,120,G,B,0.222,0.020,0.205,0.775,0.497111111111
AAA45546.1,121,H,B,0.265,0.021,0.279,0.699,0.505666666667
AAA45546.1,122,L,B,0.081,0.066,0.296,0.638,0.519666666667
AAA45546.1,123,S,B,0.254,0.125,0.227,0.648,0.513
AAA45546.1,124,G,B,0.237,0.118,0.150,0.732,0.489555555556
AAA45546.1,125,H,B,0.17,0.135,0.317,0.548,0.473666666667
AAA45546.1,126,R,B,0.202,0.252,0.423,0.325,0.457222222222
AAA45546.1,127,M,B,0.097,0.352,0.332,0.316,0.451666666667
AAA45546.1,128,A,B,0.051,0.453,0.248,0.299,0.435666666667
AAA45546.1,129,W,B,0.071,0.605,0.105,0.290,0.439333333333
AAA45546.1,130,D,B,0.239,0.701,0.107,0.192,0.441777777778
AAA45546.1,131,M,B,0.163,0.660,0.049,0.291,0.439444444444
AAA45546.1,132,M,B,0.069,0.660,0.049,0.291,0.435777777778
AAA45546.1,133,M,B,0.115,0.354,0.048,0.598,0.450555555556
AAA45546.1,134,N,E,0.329,0.181,0.016,0.803,0.448444444444
AAA45546.1,135,W,B,0.107,0.339,0.016,0.645,0.440555555556
AAA45546.1,136,S,B,0.151,0.257,0.016,0.727,0.420777777778
AAA45546.1,137,P,B,0.127,0.782,0.003,0.216,0.396222222222
AAA45546.1,138,A,B,0.084,0.923,0.002,0.076,0.364888888889
AAA45546.1,139,V,B,0.042,0.970,0.001,0.030,0.337222222222
AAA45546.1,140,G,B,0.063,0.970,0.001,0.030,0.311888888889
AAA45546.1,141,M,B,0.057,0.970,0.001,0.030,0.302888888889
AAA45546.1,142,V,B,0.037,0.970,0.001,0.030,0.270444444444
AAA45546.1,143,V,B,0.049,0.970,0.001,0.030,0.262444444444
AAA45546.1,144,A,B,0.059,0.970,0.001,0.030,0.277222222222
AAA45546.1,145,H,B,0.116,0.970,0.001,0.030,0.267888888889
AAA45546.1,146,V,B,0.05,0.923,0.002,0.076,0.280666666667
AAA45546.1,147,L,B,0.087,0.782,0.003,0.216,0.303333333333
AAA45546.1,148,R,E,0.26,0.694,0.003,0.303,0.311
AAA45546.1,149,L,B,0.054,0.600,0.003,0.397,0.316444444444
AAA45546.1,150,P,B,0.064,0.782,0.003,0.216,0.320555555556
AAA45546.1,151,Q,E,0.298,0.938,0.007,0.055,0.341777777778
AAA45546.1,152,T,B,0.067,0.938,0.007,0.055,0.333222222222
AAA45546.1,153,L,B,0.034,0.938,0.007,0.055,0.308777777778
AAA45546.1,154,F,B,0.069,0.938,0.007,0.055,0.330666666667
AAA45546.1,155,D,B,0.222,0.950,0.028,0.022,0.337555555556
AAA45546.1,156,I,B,0.061,0.911,0.033,0.057,0.332
AAA45546.1,157,I,B,0.067,0.779,0.100,0.120,0.342111111111
AAA45546.1,158,A,B,0.122,0.605,0.105,0.290,0.356222222222
AAA45546.1,159,G,B,0.16,0.354,0.048,0.598,0.353222222222
AAA45546.1,160,A,B,0.152,0.430,0.016,0.555,0.340111111111
AAA45546.1,161,H,B,0.143,0.717,0.014,0.269,0.346
AAA45546.1,162,W,B,0.116,0.923,0.002,0.076,0.359666666667
AAA45546.1,163,G,B,0.082,0.970,0.001,0.030,0.339888888889
AAA45546.1,164,I,B,0.086,0.970,0.001,0.030,0.325222222222
AAA45546.1,165,L,B,0.04,0.975,0.003,0.022,0.318333333333
AAA45546.1,166,A,B,0.078,0.975,0.003,0.022,0.312888888889
AAA45546.1,167,G,B,0.071,0.938,0.007,0.055,0.302222222222
AAA45546.1,168,L,B,0.087,0.938,0.007,0.055,0.298888888889
AAA45546.1,169,A,B,0.064,0.938,0.007,0.055,0.305888888889
AAA45546.1,170,Y,B,0.112,0.938,0.007,0.055,0.325666666667
AAA45546.1,171,Y,B,0.114,0.879,0.010,0.111,0.326777777778
AAA45546.1,172,S,B,0.102,0.802,0.014,0.185,0.351444444444
AAA45546.1,173,M,B,0.109,0.717,0.014,0.269,0.373888888889
AAA45546.1,174,Q,B,0.157,0.622,0.015,0.363,0.375333333333
AAA45546.1,175,G,B,0.138,0.600,0.003,0.397,0.372444444444
AAA45546.1,176,N,B,0.158,0.782,0.003,0.216,0.371444444444
AAA45546.1,177,W,B,0.084,0.923,0.002,0.076,0.371
AAA45546.1,178,A,B,0.066,0.970,0.001,0.030,0.357555555556
AAA45546.1,179,K,B,0.162,0.970,0.001,0.030,0.339111111111
AAA45546.1,180,V,B,0.031,0.975,0.003,0.022,0.325666666667
AAA45546.1,181,A,B,0.047,0.975,0.003,0.022,0.298
AAA45546.1,182,I,B,0.045,0.975,0.003,0.022,0.277
AAA45546.1,183,I,B,0.048,0.975,0.003,0.022,0.278222222222
AAA45546.1,184,M,B,0.051,0.975,0.003,0.022,0.286
AAA45546.1,185,V,B,0.08,0.938,0.007,0.055,0.298888888889
AAA45546.1,186,M,B,0.108,0.938,0.007,0.055,0.314111111111
AAA45546.1,187,F,B,0.15,0.802,0.014,0.185,0.355666666667
AAA45546.1,188,S,B,0.136,0.522,0.016,0.462,0.380333333333
AAA45546.1,189,G,B,0.276,0.184,0.043,0.773,0.352666666667
AAA45546.1,190,V,B,0.211,0.113,0.043,0.844,0.332111111111
AAA45546.1,191,D,E,0.548,0.053,0.043,0.903,0.305444444444
AAA45546.1,192,A,E,0.789,0.003,0.003,0.994,0.267111111111
ADE10208.1,1,M,E,0.798,0.003,0.003,0.994,0.271333333333
ADE10208.1,2,S,E,0.616,0.018,0.019,0.964,0.337111111111
ADE10208.1,3,T,E,0.597,0.018,0.019,0.964,0.401111111111
ADE10208.1,4,L,E,0.505,0.058,0.017,0.925,0.478666666667
ADE10208.1,5,P,E,0.388,0.115,0.016,0.868,0.552222222222
ADE10208.1,6,K,E,0.53,0.115,0.016,0.868,0.587
ADE10208.1,7,P,E,0.278,0.115,0.016,0.868,0.609555555556
ADE10208.1,8,Q,E,0.57,0.184,0.043,0.773,0.623555555556
ADE10208.1,9,R,E,0.475,0.268,0.043,0.689,0.643555555556
ADE10208.1,10,K,E,0.519,0.354,0.048,0.598,0.653222222222
ADE10208.1,11,T,E,0.404,0.354,0.048,0.598,0.658111111111
ADE10208.1,12,K,E,0.589,0.354,0.048,0.598,0.665222222222
ADE10208.1,13,R,E,0.468,0.354,0.048,0.598,0.668222222222
ADE10208.1,14,N,E,0.502,0.268,0.043,0.689,0.663666666667
ADE10208.1,15,T,E,0.358,0.268,0.043,0.689,0.647555555556
ADE10208.1,16,I,E,0.43,0.191,0.086,0.723,0.634555555556
ADE10208.1,17,R,E,0.423,0.113,0.087,0.800,0.624333333333
ADE10208.1,18,R,E,0.405,0.053,0.043,0.903,0.603666666667
ADE10208.1,19,P,E,0.3,0.053,0.043,0.903,0.597333333333
ADE10208.1,20,Q,E,0.563,0.019,0.141,0.840,0.576777777778
ADE10208.1,21,D,E,0.563,0.021,0.279,0.699,0.573666666667
ADE10208.1,22,V,B,0.127,0.021,0.451,0.528,0.553111111111
ADE10208.1,23,K,E,0.599,0.022,0.552,0.426,0.545444444444
ADE10208.1,24,F,B,0.116,0.021,0.279,0.699,0.534222222222
ADE10208.1,25,P,E,0.41,0.018,0.047,0.935,0.525777777778
ADE10208.1,26,G,E,0.468,0.018,0.019,0.964,0.509444444444
ADE10208.1,27,G,E,0.42,0.018,0.047,0.935,0.492
ADE10208.1,28,G,B,0.271,0.019,0.141,0.840,0.456111111111
ADE10208.1,29,Q,E,0.331,0.004,0.616,0.381,0.433777777778
ADE10208.1,30,I,B,0.079,0.002,0.816,0.182,0.387333333333
ADE10208.1,31,V,B,0.089,0.002,0.816,0.182,0.355555555556
ADE10208.1,32,G,B,0.077,0.003,0.718,0.279,0.324333333333
ADE10208.1,33,G,B,0.06,0.002,0.816,0.182,0.299222222222
ADE10208.1,34,V,B,0.048,0.001,0.900,0.099,0.284777777778
ADE10208.1,35,Y,B,0.078,0.001,0.900,0.099,0.296555555556
ADE10208.1,36,V,B,0.044,0.001,0.900,0.099,0.327777777778
ADE10208.1,37,L,B,0.03,0.003,0.718,0.279,0.358333333333
ADE10208.1,38,P,B,0.08,0.005,0.336,0.660,0.399444444444
ADE10208.1,39,R,E,0.287,0.019,0.141,0.840,0.440777777778
ADE10208.1,40,R,E,0.382,0.018,0.047,0.935,0.469666666667
ADE10208.1,41,G,B,0.28,0.018,0.019,0.964,0.491666666667
ADE10208.1,42,P,B,0.267,0.018,0.019,0.964,0.502888888889
ADE10208.1,43,R,E,0.512,0.053,0.043,0.903,0.518666666667
ADE10208.1,44,L,B,0.249,0.056,0.142,0.802,0.506111111111
ADE10208.1,45,G,B,0.202,0.069,0.386,0.545,0.489777777778
ADE10208.1,46,V,B,0.099,0.079,0.592,0.329,0.497444444444
ADE10208.1,47,R,B,0.252,0.172,0.690,0.138,0.498444444444
ADE10208.1,48,A,B,0.095,0.169,0.612,0.219,0.501888888889
ADE10208.1,49,T,B,0.22,0.159,0.516,0.325,0.526888888889
ADE10208.1,50,R,E,0.34,0.148,0.418,0.435,0.556
ADE10208.1,51,K,E,0.491,0.231,0.330,0.439,0.595555555556
ADE10208.1,52,T,E,0.356,0.199,0.152,0.649,0.616222222222
ADE10208.1,53,S,E,0.428,0.307,0.165,0.527,0.651333333333
ADE10208.1,54,E,E,0.506,0.278,0.093,0.628,0.673888888889
ADE10208.1,55,R,E,0.409,0.278,0.093,0.628,0.690111111111
ADE10208.1,56,S,E,0.446,0.268,0.043,0.689,0.687666666667
ADE10208.1,57,Q,E,0.476,0.113,0.043,0.844,0.697555555556
ADE10208.1,58,P,E,0.443,0.115,0.016,0.868,0.692111111111
ADE10208.1,59,R,E,0.58,0.115,0.016,0.868,0.679333333333
ADE10208.1,60,G,E,0.588,0.058,0.017,0.925,0.67
ADE10208.1,61,R,E,0.535,0.018,0.019,0.964,0.658
ADE10208.1,62,R,E,0.573,0.018,0.019,0.964,0.642222222222
ADE10208.1,63,Q,E,0.558,0.018,0.047,0.935,0.640555555556
ADE10208.1,64,P,E,0.261,0.018,0.047,0.935,0.626777777778
ADE10208.1,65,I,E,0.318,0.053,0.043,0.903,0.631777777778
ADE10208.1,66,P,B,0.265,0.113,0.043,0.844,0.626666666667
ADE10208.1,67,K,E,0.598,0.184,0.043,0.773,0.620888888889
ADE10208.1,68,A,E,0.472,0.113,0.087,0.800,0.629777777778
ADE10208.1,69,R,E,0.485,0.113,0.087,0.800,0.628
ADE10208.1,70,Q,E,0.456,0.053,0.043,0.903,0.642
ADE10208.1,71,S,E,0.448,0.053,0.043,0.903,0.642666666667
ADE10208.1,72,E,E,0.654,0.053,0.043,0.903,0.640222222222
ADE10208.1,73,G,E,0.416,0.053,0.043,0.903,0.640777777778
ADE10208.1,74,R,E,0.513,0.018,0.019,0.964,0.642333333333
ADE10208.1,75,S,E,0.519,0.018,0.019,0.964,0.639555555556
ADE10208.1,76,W,E,0.387,0.018,0.019,0.964,0.633666666667
ADE10208.1,77,A,E,0.437,0.053,0.043,0.903,0.616888888889
ADE10208.1,78,Q,E,0.464,0.018,0.047,0.935,0.606555555556
ADE10208.1,79,P,E,0.39,0.018,0.019,0.964,0.582111111111
ADE10208.1,80,G,E,0.518,0.005,0.015,0.979,0.579666666667
ADE10208.1,81,Y,B,0.237,0.018,0.019,0.964,0.564333333333
ADE10208.1,82,P,B,0.185,0.018,0.047,0.935,0.557888888889
ADE10208.1,83,W,B,0.181,0.053,0.043,0.903,0.537555555556
ADE10208.1,84,P,B,0.148,0.053,0.043,0.903,0.533777777778
ADE10208.1,85,L,B,0.178,0.118,0.150,0.732,0.534111111111
ADE10208.1,86,Y,B,0.157,0.118,0.150,0.732,0.530777777778
ADE10208.1,87,G,E,0.252,0.052,0.084,0.864,0.533777777778
ADE10208.1,88,N,B,0.22,0.052,0.084,0.864,0.529333333333
ADE10208.1,89,E,E,0.396,0.053,0.043,0.903,0.511222222222
ADE10208.1,90,G,B,0.126,0.052,0.084,0.864,0.498666666667
ADE10208.1,91,C,B,0.051,0.056,0.142,0.802,0.471111111111
ADE10208.1,92,G,B,0.078,0.021,0.279,0.699,0.454333333333
ADE10208.1,93,W,B,0.099,0.021,0.451,0.528,0.424111111111
ADE10208.1,94,A,B,0.089,0.021,0.451,0.528,0.399111111111
ADE10208.1,95,G,B,0.086,0.021,0.451,0.528,0.394777777778
ADE10208.1,96,W,B,0.094,0.022,0.552,0.426,0.404444444444
ADE10208.1,97,L,B,0.091,0.022,0.552,0.426,0.427666666667
ADE10208.1,98,L,B,0.097,0.021,0.451,0.528,0.461222222222
ADE10208.1,99,S,B,0.242,0.020,0.205,0.775,0.490444444444
ADE10208.1,100,P,E,0.373,0.018,0.088,0.893,0.526111111111
ADE10208.1,101,R,E,0.5,0.018,0.047,0.935,0.566111111111
ADE10208.1,102,G,E,0.484,0.005,0.015,0.979,0.598888888889
ADE10208.1,103,S,E,0.586,0.018,0.019,0.964,0.624222222222
ADE10208.1,104,R,E,0.442,0.018,0.019,0.964,0.636555555556
ADE10208.1,105,P,E,0.41,0.018,0.019,0.964,0.634111111111
ADE10208.1,106,N,E,0.647,0.018,0.019,0.964,0.617444444444
ADE10208.1,107,W,B,0.228,0.018,0.019,0.964,0.603333333333
ADE10208.1,108,G,E,0.28,0.018,0.019,0.964,0.597888888889
ADE10208.1,109,P,E,0.535,0.018,0.019,0.964,0.601111111111
ADE10208.1,110,N,E,0.662,0.058,0.017,0.925,0.599222222222
ADE10208.1,111,D,E,0.363,0.053,0.005,0.942,0.610555555556
ADE10208.1,112,P,E,0.396,0.246,0.004,0.750,0.621444444444
ADE10208.1,113,R,E,0.451,0.339,0.016,0.645,0.636444444444
ADE10208.1,114,R,E,0.398,0.430,0.016,0.555,0.639333333333
ADE10208.1,115,R,E,0.404,0.430,0.016,0.555,0.628777777778
ADE10208.1,116,S,E,0.318,0.430,0.016,0.555,0.616222222222
ADE10208.1,117,R,E,0.477,0.455,0.046,0.498,0.609333333333
ADE10208.1,118,N,E,0.345,0.354,0.048,0.598,0.576222222222
ADE10208.1,119,L,B,0.128,0.354,0.048,0.598,0.542444444444
ADE10208.1,120,G,B,0.222,0.386,0.097,0.517,0.516666666667
ADE10208.1,121,K,E,0.344,0.453,0.248,0.299,0.487111111111
ADE10208.1,122,I,B,0.079,0.478,0.309,0.214,0.454222222222
ADE10208.1,123,I,B,0.077,0.478,0.309,0.214,0.432777777778
ADE10208.1,124,D,E,0.296,0.453,0.248,0.299,0.439444444444
ADE10208.1,125,T,B,0.156,0.386,0.097,0.517,0.440777777778
ADE10208.1,126,L,B,0.121,0.278,0.093,0.628,0.428111111111
ADE10208.1,127,T,B,0.177,0.191,0.086,0.723,0.44
ADE10208.1,128,C,B,0.062,0.113,0.087,0.800,0.454666666667
ADE10208.1,129,G,B,0.148,0.184,0.043,0.773,0.452666666667
ADE10208.1,130,F,B,0.078,0.455,0.046,0.498,0.463444444444
ADE10208.1,131,A,B,0.167,0.455,0.046,0.498,0.468777777778
ADE10208.1,132,D,B,0.257,0.455,0.046,0.498,0.475222222222
ADE10208.1,133,L,B,0.066,0.455,0.046,0.498,0.461222222222
ADE10208.1,134,M,B,0.166,0.354,0.048,0.598,0.471444444444
ADE10208.1,135,G,E,0.279,0.191,0.086,0.723,0.475555555556
ADE10208.1,136,Y,B,0.172,0.191,0.086,0.723,0.475666666667
ADE10208.1,137,I,B,0.096,0.113,0.087,0.800,0.480555555556
ADE10208.1,138,P,B,0.22,0.113,0.087,0.800,0.484444444444
ADE10208.1,139,L,B,0.123,0.118,0.150,0.732,0.48
ADE10208.1,140,V,B,0.111,0.125,0.227,0.648,0.469444444444
ADE10208.1,141,G,B,0.18,0.118,0.150,0.732,0.461777777778
ADE10208.1,142,A,B,0.249,0.184,0.043,0.773,0.471444444444
ADE10208.1,143,P,B,0.17,0.339,0.016,0.645,0.434333333333
ADE10208.1,144,V,B,0.144,0.522,0.016,0.462,0.404444444444
ADE10208.1,145,G,B,0.173,0.622,0.015,0.363,0.392555555556
ADE10208.1,146,G,B,0.196,0.802,0.014,0.185,0.369333333333
ADE10208.1,147,V,B,0.073,0.802,0.014,0.185,0.337333333333
ADE10208.1,148,A,B,0.054,0.879,0.010,0.111,0.311
ADE10208.1,149,R,E,0.238,0.879,0.010,0.111,0.320111111111
ADE10208.1,150,A,B,0.124,0.879,0.010,0.111,0.307111111111
ADE10208.1,151,L,B,0.055,0.802,0.014,0.185,0.277444444444
ADE10208.1,152,A,B,0.058,0.717,0.014,0.269,0.307222222222
ADE10208.1,153,H,E,0.287,0.622,0.015,0.363,0.336111111111
ADE10208.1,154,G,B,0.091,0.660,0.049,0.291,0.323333333333
ADE10208.1,155,V,B,0.044,0.605,0.105,0.290,0.345444444444
ADE10208.1,156,R,E,0.283,0.649,0.163,0.188,0.382888888889
ADE10208.1,157,A,B,0.097,0.662,0.225,0.113,0.408222222222
ADE10208.1,158,L,B,0.068,0.649,0.163,0.188,0.408555555556
ADE10208.1,159,E,E,0.302,0.502,0.102,0.396,0.442888888889
ADE10208.1,160,D,E,0.419,0.268,0.043,0.689,0.483888888889
ADE10208.1,161,G,B,0.146,0.184,0.043,0.773,0.483555555556
ADE10208.1,162,V,B,0.092,0.199,0.152,0.649,0.488444444444
ADE10208.1,163,N,B,0.242,0.216,0.235,0.548,0.521222222222
ADE10208.1,164,F,B,0.157,0.216,0.235,0.548,0.527
ADE10208.1,165,A,B,0.181,0.216,0.235,0.548,0.513444444444
ADE10208.1,166,T,B,0.27,0.118,0.150,0.732,0.520666666667
ADE10208.1,167,G,B,0.228,0.052,0.084,0.864,0.528111111111
ADE10208.1,168,N,E,0.36,0.053,0.043,0.903,0.504111111111
ADE10208.1,169,L,B,0.077,0.053,0.043,0.903,0.491444444444
ADE10208.1,170,P,B,0.283,0.018,0.047,0.935,0.468777777778
ADE10208.1,171,G,E,0.306,0.058,0.017,0.925,0.450333333333
ADE10208.1,172,C,B,0.083,0.113,0.043,0.844,0.409444444444
ADE10208.1,173,S,B,0.151,0.278,0.093,0.628,0.359666666667
ADE10208.1,174,F,B,0.061,0.538,0.173,0.289,0.329555555556
ADE10208.1,175,S,B,0.097,0.605,0.105,0.290,0.285111111111
ADE10208.1,176,I,B,0.045,0.911,0.033,0.057,0.241111111111
ADE10208.1,177,F,B,0.056,0.938,0.007,0.055,0.213444444444
ADE10208.1,178,L,B,0.047,0.970,0.001,0.030,0.184222222222
ADE10208.1,179,L,B,0.046,0.970,0.001,0.030,0.182111111111
ADE10208.1,180,A,B,0.033,0.970,0.001,0.030,0.167555555556
ADE10208.1,181,L,B,0.042,0.923,0.002,0.076,0.177111111111
ADE10208.1,182,L,B,0.052,0.923,0.002,0.076,0.194444444444
ADE10208.1,183,S,B,0.089,0.782,0.003,0.216,0.222111111111
ADE10208.1,184,C,B,0.031,0.717,0.014,0.269,0.249333333333
ADE10208.1,185,L,B,0.063,0.430,0.016,0.555,0.291444444444
ADE10208.1,186,I,B,0.081,0.184,0.043,0.773,0.334222222222
ADE10208.1,187,H,B,0.131,0.053,0.043,0.903,0.376444444444
ADE10208.1,188,P,B,0.142,0.053,0.043,0.903,0.401444444444
ADE10208.1,189,A,B,0.196,0.018,0.047,0.935,0.443333333333
ADE10208.1,190,A,E,0.29,0.052,0.084,0.864,0.467777777778
ADE10208.1,191,S,B,0.184,0.021,0.279,0.699,0.504111111111
ADE10208.1,192,L,B,0.185,0.022,0.552,0.426,0.534555555556
ADE10208.1,193,E,E,0.4,0.021,0.756,0.223,0.550111111111
ADE10208.1,194,W,B,0.2,0.018,0.846,0.136,0.558555555556
ADE10208.1,195,R,E,0.339,0.021,0.756,0.223,0.561666666667
ADE10208.1,196,N,E,0.482,0.022,0.359,0.619,0.555333333333
ADE10208.1,197,T,B,0.306,0.004,0.138,0.858,0.539555555556
ADE10208.1,198,S,E,0.471,0.005,0.045,0.951,0.527444444444
ADE10208.1,199,G,E,0.286,0.004,0.138,0.858,0.498
ADE10208.1,200,L,B,0.198,0.003,0.718,0.279,0.476
ADE10208.1,201,Y,B,0.105,0.006,0.962,0.032,0.455888888889
ADE10208.1,202,V,B,0.188,0.006,0.962,0.032,0.449555555556
ADE10208.1,203,L,B,0.05,0.011,0.918,0.071,0.432111111111
ADE10208.1,204,T,B,0.119,0.021,0.756,0.223,0.444888888889
ADE10208.1,205,N,B,0.183,0.004,0.420,0.576,0.449111111111
ADE10208.1,206,D,B,0.227,0.004,0.085,0.910,0.462111111111
ADE10208.1,207,C,B,0.063,0.005,0.015,0.979,0.467333333333
ADE10208.1,208,P,E,0.389,0.005,0.015,0.979,0.490777777778
ADE10208.1,209,N,E,0.47,0.018,0.019,0.964,0.493444444444
ADE10208.1,210,S,B,0.29,0.053,0.043,0.903,0.490333333333
ADE10208.1,211,S,B,0.294,0.064,0.216,0.721,0.492
ADE10208.1,212,I,B,0.117,0.079,0.592,0.329,0.492222222222
ADE10208.1,213,V,B,0.147,0.085,0.775,0.140,0.476111111111
ADE10208.1,214,Y,B,0.181,0.072,0.855,0.073,0.473333333333
ADE10208.1,215,E,B,0.238,0.085,0.775,0.140,0.474
ADE10208.1,216,A,B,0.177,0.159,0.516,0.325,0.457666666667
ADE10208.1,217,D,B,0.311,0.199,0.152,0.649,0.442555555556
ADE10208.1,218,E,E,0.444,0.278,0.093,0.628,0.449
ADE10208.1,219,V,B,0.165,0.428,0.171,0.402,0.444
ADE10208.1,220,I,B,0.051,0.453,0.248,0.299,0.441888888889
ADE10208.1,221,L,B,0.076,0.478,0.309,0.214,0.444666666667
ADE10208.1,222,H,B,0.271,0.321,0.252,0.427,0.429
ADE10208.1,223,T,B,0.166,0.053,0.043,0.903,0.418555555556
ADE10208.1,224,P,B,0.228,0.005,0.015,0.979,0.410666666667
ADE10208.1,225,G,B,0.249,0.005,0.015,0.979,0.4
ADE10208.1,226,C,B,0.033,0.004,0.138,0.858,0.405666666667
ADE10208.1,227,V,B,0.145,0.021,0.451,0.528,0.399777777778
ADE10208.1,228,P,B,0.112,0.022,0.552,0.426,0.415666666667
ADE10208.1,229,C,B,0.064,0.023,0.655,0.322,0.427888888889
ADE10208.1,230,V,B,0.185,0.021,0.756,0.223,0.437333333333
ADE10208.1,231,Q,E,0.45,0.023,0.655,0.322,0.450888888889
ADE10208.1,232,T,E,0.484,0.005,0.262,0.733,0.452888888889
ADE10208.1,233,G,E,0.766,0.005,0.015,0.979,0.451222222222
ADE10208.1,234,N,E,0.557,0.005,0.015,0.979,0.455555555556
ADE10208.1,235,T,E,0.431,0.005,0.262,0.733,0.446
ADE10208.1,236,S,B,0.252,0.004,0.420,0.576,0.420666666667
ADE10208.1,237,T,E,0.286,0.004,0.616,0.381,0.401444444444
ADE10208.1,238,C,B,0.032,0.003,0.718,0.279,0.375444444444
ADE10208.1,239,W,B,0.07,0.018,0.846,0.136,0.363111111111
ADE10208.1,240,T,B,0.1,0.018,0.846,0.136,0.348555555556
ADE10208.1,241,P,B,0.153,0.021,0.756,0.223,0.346222222222
ADE10208.1,242,V,B,0.074,0.021,0.451,0.528,0.340333333333
ADE10208.1,243,T,B,0.182,0.020,0.205,0.775,0.349
ADE10208.1,244,P,B,0.144,0.052,0.084,0.864,0.364333333333
ADE10208.1,245,T,B,0.204,0.066,0.296,0.638,0.408111111111
ADE10208.1,246,V,B,0.084,0.074,0.484,0.442,0.437222222222
ADE10208.1,247,A,B,0.11,0.074,0.484,0.442,0.474555555556
ADE10208.1,248,V,B,0.086,0.066,0.296,0.638,0.497333333333
ADE10208.1,249,K,E,0.433,0.052,0.084,0.864,0.517333333333
ADE10208.1,250,Y,E,0.371,0.053,0.043,0.903,0.528444444444
ADE10208.1,251,V,E,0.377,0.053,0.043,0.903,0.546222222222
ADE10208.1,252,G,E,0.432,0.018,0.047,0.935,0.565888888889
ADE10208.1,253,A,B,0.16,0.053,0.043,0.903,0.583444444444
ADE10208.1,254,T,B,0.196,0.113,0.043,0.844,0.546555555556
ADE10208.1,255,T,B,0.227,0.339,0.016,0.645,0.53
ADE10208.1,256,A,E,0.452,0.694,0.003,0.303,0.502555555556
ADE10208.1,257,S,E,0.321,0.782,0.003,0.216,0.473888888889
ADE10208.1,258,I,B,0.042,0.858,0.002,0.139,0.437444444444
ADE10208.1,259,R,E,0.264,0.879,0.010,0.111,0.422222222222
ADE10208.1,260,S,E,0.398,0.802,0.014,0.185,0.392444444444
ADE10208.1,261,H,B,0.101,0.802,0.014,0.185,0.349888888889
ADE10208.1,262,V,B,0.037,0.802,0.014,0.185,0.302222222222
ADE10208.1,263,D,B,0.205,0.751,0.050,0.199,0.285
ADE10208.1,264,L,B,0.087,0.701,0.107,0.192,0.244777777778
ADE10208.1,265,L,B,0.048,0.649,0.163,0.188,0.217333333333
ADE10208.1,266,V,B,0.054,0.649,0.163,0.188,0.205111111111
ADE10208.1,267,G,B,0.076,0.605,0.105,0.290,0.202555555556
ADE10208.1,268,A,B,0.07,0.660,0.049,0.291,0.176666666667
ADE10208.1,269,A,B,0.073,0.660,0.049,0.291,0.175444444444
ADE10208.1,270,T,B,0.129,0.660,0.049,0.291,0.177777777778
ADE10208.1,271,M,B,0.1,0.660,0.049,0.291,0.189222222222
ADE10208.1,272,C,B,0.025,0.561,0.047,0.393,0.209
ADE10208.1,273,S,B,0.113,0.605,0.105,0.290,0.217555555556
ADE10208.1,274,A,B,0.071,0.605,0.105,0.290,0.227555555556
ADE10208.1,275,L,B,0.092,0.538,0.173,0.289,0.239
ADE10208.1,276,Y,B,0.139,0.538,0.173,0.289,0.241666666667
ADE10208.1,277,V,B,0.053,0.605,0.105,0.290,0.251555555556
ADE10208.1,278,G,B,0.09,0.561,0.047,0.393,0.254222222222
ADE10208.1,279,D,E,0.277,0.561,0.047,0.393,0.258111111111
ADE10208.1,280,M,B,0.053,0.660,0.049,0.291,0.253222222222
ADE10208.1,281,C,B,0.034,0.561,0.047,0.393,0.244888888889
ADE10208.1,282,G,B,0.095,0.660,0.049,0.291,0.244666666667
ADE10208.1,283,A,B,0.048,0.701,0.107,0.192,0.241
ADE10208.1,284,V,B,0.037,0.649,0.163,0.188,0.231111111111
ADE10208.1,285,F,B,0.048,0.594,0.285,0.121,0.246777777778
ADE10208.1,286,L,B,0.04,0.487,0.370,0.144,0.253444444444
ADE10208.1,287,V,B,0.038,0.373,0.401,0.226,0.264333333333
ADE10208.1,288,G,B,0.055,0.321,0.252,0.427,0.269888888889
ADE10208.1,289,Q,B,0.134,0.216,0.235,0.548,0.285111111111
ADE10208.1,290,A,B,0.054,0.252,0.423,0.325,0.313777777778
ADE10208.1,291,F,B,0.05,0.169,0.612,0.219,0.352444444444
ADE10208.1,292,T,B,0.092,0.087,0.683,0.230,0.399777777778
ADE10208.1,293,F,B,0.086,0.021,0.756,0.223,0.436111111111
ADE10208.1,294,R,B,0.204,0.022,0.552,0.426,0.458111111111
ADE10208.1,295,P,B,0.282,0.021,0.279,0.699,0.483555555556
ADE10208.1,296,R,E,0.464,0.020,0.205,0.775,0.503666666667
ADE10208.1,297,R,E,0.296,0.064,0.216,0.721,0.527222222222
ADE10208.1,298,H,B,0.206,0.022,0.359,0.619,0.536
ADE10208.1,299,Q,B,0.296,0.021,0.451,0.528,0.529666666667
ADE10208.1,300,T,B,0.212,0.023,0.655,0.322,0.498222222222
ADE10208.1,301,V,B,0.222,0.021,0.756,0.223,0.472333333333
ADE10208.1,302,Q,B,0.257,0.023,0.655,0.322,0.430666666667
ADE10208.1,303,T,E,0.451,0.023,0.655,0.322,0.418
ADE10208.1,304,C,B,0.044,0.022,0.552,0.426,0.410111111111
ADE10208.1,305,N,E,0.342,0.022,0.552,0.426,0.412333333333
ADE10208.1,306,C,B,0.037,0.022,0.552,0.426,0.429777777778
ADE10208.1,307,S,E,0.396,0.023,0.655,0.322,0.444
ADE10208.1,308,L,B,0.142,0.021,0.451,0.528,0.463111111111
ADE10208.1,309,Y,B,0.242,0.021,0.279,0.699,0.490555555556
ADE10208.1,310,P,E,0.397,0.019,0.141,0.840,0.504555555556
ADE10208.1,311,G,E,0.382,0.018,0.088,0.893,0.535555555556
ADE10208.1,312,H,E,0.306,0.019,0.141,0.840,0.531
ADE10208.1,313,L,B,0.128,0.052,0.084,0.864,0.53
ADE10208.1,314,T,E,0.296,0.113,0.043,0.844,0.517333333333
ADE10208.1,315,G,B,0.185,0.257,0.016,0.727,0.472888888889
ADE10208.1,316,H,B,0.085,0.455,0.046,0.498,0.444333333333
ADE10208.1,317,R,B,0.156,0.605,0.105,0.290,0.409777777778
ADE10208.1,318,M,B,0.124,0.605,0.105,0.290,0.392666666667
ADE10208.1,319,A,B,0.058,0.701,0.107,0.192,0.371555555556
ADE10208.1,320,W,B,0.069,0.751,0.050,0.199,0.364333333333
ADE10208.1,321,D,B,0.176,0.751,0.050,0.199,0.373222222222
ADE10208.1,322,M,B,0.126,0.751,0.050,0.199,0.371
ADE10208.1,323,M,B,0.059,0.622,0.015,0.363,0.370111111111
ADE10208.1,324,M,B,0.117,0.430,0.016,0.555,0.390777777778
ADE10208.1,325,N,E,0.286,0.257,0.016,0.727,0.389888888889
ADE10208.1,326,W,B,0.109,0.339,0.016,0.645,0.379222222222
